-8559463693
-5440800596
7745990428
-15883895634
-5645217175
1091553582
-10399657068
1991032087
-7137969164
4724800849
1621438627
-10772001322
3152793642
-2463558426
6075396099
-6721017616
-9283669339
-1007683054
-2941091013
1539176412
-4037876755
9452448592
-3389125834
-5014315283
11355221384
22003277144
1959389200
-3139631061
3139126737
8902630153
25194839362
660139980
-6141938416
-4755576199
13159469319
10169499261
-4138214411
-16037743055
7949938593
3395097569
14567148169
2917045399
12046448435
6006817834
-5864812996
-2975549826
-9042719691
7261789853
7419455731
-1973724839
5259775053
-4005494375
-4567370305
19257810861
-2401541156
10813526011
850313668
5660575730
5440008650
6222854875
4490837668
-5076572850
-11342001267
4093346562
13759013
-853259830
-5449948535
-4498503655
-7993143446
-2056925097
9777966153
-14653686981
3165900547
22035543931
8509366492
14735729006
-15966162563
-8815121911
-4737974697
-1848537063
12635961563
9921871835
15054346169
-1401065909
