6150.0,18547.0,7542.0,7426.0,11125.0,6738.0,18608.0,13952.0,6158.0,7259.0,6562.0,17266.0,15235.0,19000.0,18891.0,11472.0,10056.0,17730.0,19080.0,10073.0,11881.0,15269.0,8515.0,12241.0,
16159.0,15869.0,9862.0,18864.0,9906.0,7630.0,18639.0,18646.0,6925.0,15832.0,16647.0,18028.0,18572.0,19590.0,13373.0,9863.0,11189.0,14667.5,18146.0,13541.0,7992.0,15507.0,
7028.0,15557.0,15035.0,17331.0,13546.0,14257.0,11881.0,7762.0,11192.0,13668.0,18066.0,9736.0,8087.0,14263.0,19869.0,6817.0,10498.0,12073.0,15471.0,18037.0,15209.0,14657.0,14947.0,16209.0,19310.0,18328.0,17351.0,11552.0,16119.0,8025.0,7437.0,10668.0,13987.0,6997.0,8931.0,17855.0,9490.0,14014.0,17126.0,
9509.0,17598.0,12772.0,14512.0,11380.0,9593.0,7128.0,16792.0,13004.0,11426.0,7733.0,19628.0,16479.0,11872.0,15511.0,19230.0,6846.0,6347.0,9270.0,7981.0,6537.0,6953.0,10446.0,
10836.0,13751.0,6222.0,17210.0,8749.0,18895.0,19554.0,15835.0,9215.0,10980.0,6107.5,9416.0,8066.5,6717.0,11871.0,6698.0,14683.0,6299.0,7469.5,8640.0,19744.0,7615.0,7253.0,8858.0,12553.0,12070.0,12672.5,13275.0,19279.0,9917.0,12666.0,11905.0,10717.5,9530.0,6870.0,16970.0,15343.0,9185.0,13525.0,17195.0,17252.0,17309.0,12293.0,15970.0,19647.0,15792.0,13833.0,15916.0,18191.0,8052.0,
7024.0,18556.0,19967.0,14955.0,9041.0,7072.0,14721.0,10471.0,16220.0,18473.0,10900.0,6556.0,14179.0,9904.0,11977.0,12529.0,9057.0,6712.0,11045.0,7681.0,17387.0,9435.0,16524.0,14374.0,19466.0,14062.0,
13690.0,13679.0,16879.0,8590.0,10310.0,10626.0,17408.0,6168.0,9128.0,15153.0,12581.0,12200.0,11819.0,17598.0,15321.0,13609.0,12761.0,6067.0,10601.0,10768.0,16466.0,9309.0,18665.0,10731.0,13261.0,6301.0,6769.0,18065.0,19518.0,13843.0,9242.0,9569.0,
8393.0,9419.0,13603.0,6526.0,16079.0,8173.0,6398.0,13009.0,13034.5,13060.0,9375.0,19406.0,7666.0,19617.0,13755.5,7894.0,13692.0,19842.0,12728.0,14847.0,7410.0,6452.0,10071.0,16099.0,15674.0,16906.0,12935.0,8964.0,6186.0,18733.0,7192.0,10576.0,14611.0,7942.0,14280.0,12956.0,11632.0,8072.0,14834.0,10947.0,14527.0,16239.0,8791.0,18920.0,11165.0,8181.0,10363.0,10647.0,
13456.0,19904.0,16178.0,14547.0,13266.0,16073.0,11279.0,9162.5,7046.0,14333.0,9197.0,9515.0,10913.0,8798.0,16459.0,16157.0,11066.0,14672.0,12081.0,18676.0,8289.0,9875.0,10273.0,8048.0,13501.0,14381.0,9211.0,8949.0,19383.0,14942.0,13903.0,10484.0,9414.5,8345.0,15691.0,11653.0,11316.0,17532.0,17480.0,17428.0,16139.0,14850.0,14611.0,10623.0,18901.0,16736.0,11443.0,16332.0,9919.0,13435.0,17046.0,17503.0,7755.0,
8478.0,13197.0,6024.0,12164.0,12475.0,19756.0,6933.0,6337.0,18828.0,17098.0,12200.0,19071.0,8127.0,16196.0,
14533.0,17341.0,17682.0,17085.0,6887.0,6673.0,14701.0,10475.0,18830.0,17437.0,11371.0,15595.0,6812.0,9788.0,9127.0,8466.0,14733.0,9040.5,9065.0,14782.0,9225.0,13715.0,7368.0,13566.0,8070.0,12136.0,16042.0,8627.0,
10924.0,16332.0,7578.0,11120.0,17964.0,6955.0,15323.0,6898.0,7413.0,7928.0,14460.0,7486.0,16073.0,8603.0,13583.0,7965.0,12209.0,11625.0,14501.0,18829.0,19673.0,10767.0,7074.0,18814.0,11659.0,6348.0,11245.0,13879.0,11246.0,13744.5,16243.0,18866.0,7654.0,9189.0,6644.0,7028.5,7413.0,17594.0,11606.0,6027.0,6461.0,14839.0,
15010.0,7084.0,8036.0,8442.0,19166.0,7583.0,17911.0,7294.0,8380.0,12163.0,19240.0,7881.0,6664.0,11876.5,17089.0,8029.0,7606.0,11995.0,7012.5,7893.0,12243.0,17628.0,
14265.0,16674.0,10070.0,13980.0,16951.0,13289.0,10646.0,8460.0,13072.0,8859.0,10694.0,16930.0,17753.0,19527.0,18391.0,6485.0,11470.0,19671.0,10953.0,
14414.0,17738.0,12946.0,14234.0,13733.0,14580.0,6050.0,16984.0,11398.0,8886.0,14005.0,8213.0,15824.0,10256.0,16924.0,6997.0,7962.0,8612.0,18895.0,7949.0,6947.0,19354.0,6199.0,8369.0,9983.0,18125.0,6217.0,8050.0,9809.0,14464.0,12378.0,19933.0,10747.0,11192.0,8980.0,14544.0,13086.0,17796.0,17998.0,
15320.0,7412.0,13855.0,8709.0,17523.0,7069.0,10576.0,8365.0,10588.0,16253.0,9864.0,6798.0,17729.0,18012.0,6598.5,12968.0,18831.0,16040.0,16113.0,14932.0,13967.0,19653.0,6488.0,9857.0,18417.0,15744.0,10958.0,11761.5,12565.0,12960.0,10667.0,8164.0,12983.0,19469.0,12156.0,18617.0,7064.0,14119.0,10400.0,6833.0,16747.0,9155.0,9663.0,15380.0,18476.0,11602.5,7313.0,10583.0,10837.0,16538.0,11644.0,19208.0,12483.0,15772.0,18640.0,6090.0,8433.0,
15433.0,6953.0,15342.0,10508.0,10133.0,14614.0,17755.0,12759.0,8099.0,18676.0,9731.0,10781.0,15087.0,7025.0,9129.0,15887.0,6006.0,
11517.0,19386.0,6244.0,6694.0,19627.0,8265.0,7802.0,10697.0,15899.0,19116.0,19076.0,18571.0,6396.0,16540.0,13830.0,16884.0,7341.0,9758.0,6960.0,14282.0,
6470.0,18981.0,12055.0,6632.0,7868.0,14486.0,17429.0,17756.0,12375.0,12766.0,7958.0,12651.0,17685.0,9003.0,7148.0,19762.0,14879.0,9815.0,7695.0,6250.0,19297.0,16885.0,8173.5,11039.0,9362.0,6412.0,11521.0,18194.0,7149.0,
17856.0,8334.0,9109.0,7033.0,19917.0,7745.0,11458.0,19962.0,11078.0,8015.0,19570.0,8045.0,19502.0,14402.0,
14395.0,15250.0,10497.0,9112.0,18785.0,15595.0,16683.0,12242.0,16761.0,17774.0,7819.0,11128.0,14764.0,15664.5,16565.0,16235.0,6002.0,18902.0,16621.0,17654.0,18276.0,18753.0,14366.0,12572.0,10778.0,19686.0,16270.0,16186.0,18617.0,17632.0,5947.0,10643.0,7970.0,8745.0,14588.0,6751.0,6729.0,11964.5,17200.0,15263.0,8082.0,19064.0,6471.0,12213.0,6523.5,17672.0,8655.0,8488.0,9282.0,10104.0,8455.0,19320.0,14103.0,19484.0,7751.0,
7547.0,7455.0,7726.0,17405.0,7603.0,18422.0,18991.0,17397.0,11564.0,10086.0,12293.0,7480.0,8070.0,8660.0,18354.0,17301.0,8483.0,13071.0,19058.0,18891.0,16686.0,11952.0,16230.0,10823.5,17347.0,17541.0,7754.0,12477.0,7592.0,10894.0,
6864.0,13930.0,15338.0,6849.0,15909.0,18004.0,13889.0,17400.0,7487.0,7812.0,19329.0,9583.0,14610.5,19638.0,14805.0,17007.0,9539.0,
18490.0,11055.0,11095.0,15056.0,8133.0,16481.0,17982.0,19159.0,6895.0,12360.0,14345.0,16158.0,19105.0,11814.0,8437.0,10261.0,10434.0,14266.0,18167.0,19113.0,7500.0,14205.0,9818.0,11984.0,
10121.0,7830.0,16981.0,9378.0,16566.0,7971.0,18690.0,12644.0,15350.0,17049.0,12191.0,7650.0,12387.0,12668.0,13997.0,13652.0,13307.0,9171.0,6519.0,16298.0,10000.0,16683.0,12718.0,8753.0,8418.0,15016.0,6211.0,18334.0,19515.0,17435.0,9974.0,16365.0,12078.0,13964.0,11035.0,18062.0,14218.0,8436.0,10630.5,12825.0,6089.0,7917.0,13796.0,16746.0,18008.0,17050.0,16924.0,
8466.0,19676.0,19803.0,17239.0,6958.0,9907.0,17140.0,11045.0,12966.0,6814.0,8298.0,14860.0,9068.0,10717.5,12367.0,16868.0,11584.0,14047.0,6537.0,10214.0,10987.0,13837.0,6985.0,8058.5,15369.0,11951.0,16175.0,15922.0,18098.0,15618.0,13816.0,13170.0,6450.0,19286.0,8012.5,10908.0,11967.0,13026.0,7214.0,10748.0,6647.0,19720.0,
18679.0,14064.0,18755.0,15253.0,13321.0,17199.0,17250.0,8450.0,8619.0,17434.0,11332.0,12161.0,11000.0,8674.0,17969.0,6372.0,19834.0,12510.0,16903.0,15378.0,12746.0,8124.0,8659.0,6439.0,7028.0,7617.0,18854.0,6449.0,12662.0,18875.0,6462.0,6713.0,19864.0,9065.0,6499.0,12239.0,14842.0,
12819.0,11040.0,8050.0,16514.0,10453.0,12497.0,14054.0,12707.0,13650.0,9040.0,11515.0,10091.0,11790.0,13489.0,15730.0,18574.0,17057.0,17808.0,16679.0,7668.0,12750.0,9352.0,10137.0,10330.0,8869.0,15942.0,15540.0,14046.0,17551.0,6788.0,12525.0,6221.0,10379.0,9865.0,12725.0,9037.0,11764.0,14180.0,6779.0,8401.0,
17076.0,17964.0,13417.0,11339.0,18355.0,14715.0,14673.0,7248.0,14779.0,12007.0,16764.0,8733.0,14138.0,6482.0,17280.0,11298.0,17040.0,14868.0,11915.0,7618.0,6372.0,7904.0,11630.0,16997.0,9081.0,10891.0,17808.0,18359.0,10529.0,16836.0,18060.0,19284.0,17405.0,12274.0,10184.0,19393.0,16904.0,8483.0,17285.0,13673.0,18139.0,
9312.0,6268.0,10706.0,15821.0,10967.0,18522.0,11827.0,19297.0,18518.0,16832.0,17892.0,10614.0,13422.0,14566.0,10946.0,9394.0,8340.5,11038.0,11074.0,16867.0,16873.0,6938.0,8521.0,7996.0,18523.0,8362.0,13889.0,16567.0,6010.0,
12422.0,14789.0,19831.0,18098.0,10599.0,17362.0,13289.0,11533.0,19277.0,14185.5,9094.0,18336.0,15437.0,12538.0,14065.0,17098.0,11613.0,14345.0,11847.5,9350.0,11829.0,15487.0,18637.0,6303.0,11335.0,12794.5,14254.0,13616.0,15083.0,15369.5,15656.0,17910.0,6458.0,7944.0,10819.0,13875.0,
19202.0,8667.0,9159.0,19829.0,13634.0,6669.0,19093.0,14213.5,9334.0,11556.0,12189.0,11730.5,11272.0,8939.0,13211.0,13591.0,18319.0,
8773.0,6200.0,16921.0,16094.0,10659.0,10274.0,8609.0,6702.0,19584.0,16359.0,18530.0,19323.0,13302.0,13576.0,19562.0,14215.0,10911.0,18185.0,10541.0,17585.0,12171.0,13528.0,12135.0,9004.5,7371.0,15061.0,10867.0,10319.0,12186.0,15671.0,9476.0,14083.0,15272.0,16461.0,19828.0,13344.0,17973.0,18486.0,18999.0,10261.0,14314.0,
13499.0,19372.0,12384.0,16941.0,6677.0,10718.0,18887.0,15966.0,17401.0,13756.0,6724.0,8766.0,6466.0,11302.0,9683.0,8064.0,18022.0,19691.0,15647.0,8156.0,6621.0,15215.0,15127.0,9710.0,5934.0,17250.0,13711.0,7356.0,9168.0,11210.0,17707.0,14140.0,8456.0,6760.0,
17307.0,9172.0,14964.0,12339.0,6739.0,10244.0,10491.0,19120.0,15772.0,6272.0,6420.0,6568.0,7360.0,19263.0,17480.0,15248.0,18774.0,8367.0,6554.0,15612.0,17445.0,9174.0,19848.0,7793.0,15403.0,7319.0,10548.0,
17673.0,18991.0,13415.0,15750.0,10247.0,13501.0,15407.0,11585.0,11809.0,17010.0,17201.0,19182.0,16445.0,8814.0,7280.0,6142.0,16508.0,9750.0,15495.0,18247.0,12234.0,18253.0,11376.0,6257.0,8255.0,12294.0,13934.0,15774.0,15029.5,14285.0,6731.0,5952.0,9873.0,8748.0,
10922.0,19222.0,14676.0,11570.0,17844.0,6071.0,15998.0,14926.0,7211.0,18587.0,12752.0,8181.0,10613.0,14028.0,16460.0,5974.0,17919.0,14328.0,13986.0,13644.0,17615.0,11491.0,18130.0,19149.0,9726.0,14733.0,16184.0,
17346.0,6051.0,10386.0,16356.0,12526.0,10265.0,17174.0,8563.0,16076.0,11937.0,19520.0,16395.0,6021.0,16978.0,15445.0,16561.0,17621.0,18681.0,14345.0,6009.0,10179.0,6395.0,11603.5,18280.0,6484.0,19697.0,10856.0,19016.0,17282.0,14879.0,17849.0,15732.0,
13615.0,16488.0,15963.0,19617.0,14274.0,6549.0,18473.0,8488.0,10501.0,6890.0,12918.0,18946.0,18349.0,16158.5,13968.0,8621.0,6045.0,7656.0,19246.0,14965.0,10021.0,13814.0,15479.0,11702.0,11998.0,6561.0,16931.0,18794.0,15311.5,11829.0,6379.0,12029.0,11024.0,16991.0,9530.0,19992.0,10192.0,17627.0,12594.0,8438.0,15782.0,14604.0,10101.0,8161.0,19689.0,6781.0,
7449.0,16001.0,15276.0,12133.0,14006.0,6431.0,11408.0,15568.0,14313.5,13059.0,16032.0,11543.0,13476.0,16589.0,19060.0,14360.5,9661.0,14624.0,13522.0,13859.0,
10891.0,13398.0,9755.0,14362.0,11176.0,6276.0,6352.0,17868.0,8772.0,18578.0,13819.0,10676.0,19304.0,14640.0,14312.0,10412.0,7814.0,19269.0,6332.0,12028.0,9427.0,12741.0,19595.0,11902.0,15743.0,19168.0,19971.0,6141.0,18596.0,6872.0,16521.0,13618.0,17233.0,11909.0,13008.0,17067.0,17987.0,15943.0,19840.0,16706.0,12841.0,6723.0,11711.0,
11662.0,9934.0,14074.0,19533.0,11827.0,7391.0,6179.0,11419.0,15935.0,7577.0,8850.0,9675.0,11368.0,15122.0,16509.0,12356.0,16091.0,6628.0,19097.0,14445.0,9793.0,13253.0,8506.0,8062.0,14186.0,19087.0,17956.0,16437.0,11053.0,12138.0,10731.0,9713.0,
19783.0,18415.0,18123.0,6012.0,13065.0,18700.0,19730.0,19171.0,17140.0,12173.0,6637.0,14099.0,17599.0,18860.0,16200.5,13541.0,14587.0,9319.0,9203.0,19681.0,13178.0,10445.0,12833.0,14838.0,15102.0,15946.0,10534.0,12667.0,10407.0,8147.0,16891.0,19473.0,14024.0,14956.0,9345.0,9750.0,7253.0,13329.0,9166.0,
9729.0,16295.0,12328.0,12267.0,16557.0,16921.0,12254.5,7588.0,15155.0,9636.0,6239.0,17374.0,10641.0,16041.0,15964.0,15151.0,13305.0,9630.0,8968.0,7928.5,6889.0,6985.0,9409.0,7586.0,16540.0,
17616.0,12140.0,12623.0,14366.0,16969.0,18831.0,18676.0,19327.0,15120.0,10064.0,11830.0,15191.5,18553.0,18935.5,19318.0,9608.0,19876.0,13707.0,7799.0,15742.0,17832.0,10210.0,17868.0,13845.0,8849.0,7761.0,12255.0,18830.0,14846.0,6630.0,9036.0,14384.0,13979.0,11208.0,6851.0,
13628.0,9975.0,13147.0,18646.0,10048.0,7746.0,9869.0,8021.0,11537.0,7937.0,8873.0,17924.0,19182.0,12105.0,16844.0,18745.0,9779.0,10746.0,19796.0,
12735.0,6164.0,13508.0,14153.0,14559.0,14495.0,7867.0,12233.0,15247.0,17395.0,10719.0,9020.0,13151.0,16307.0,10453.0,16151.0,15341.0,10360.0,8172.0,7264.5,6357.0,11648.0,16939.0,13713.0,17488.0,7741.0,18800.0,14689.0,11462.0,19165.0,13287.0,14517.0,7255.0,18458.0,9031.0,8364.0,14458.0,8432.0,7568.0,6275.0,6513.0,10407.0,8610.0,16977.0,13949.0,8635.0,13939.0,15678.0,16224.0,15524.0,14080.0,6477.0,7638.0,
17544.0,11165.0,12709.0,18228.0,7681.0,16419.0,16372.0,17949.0,7801.0,17771.0,6590.0,11278.5,15967.0,19268.0,8337.0,6522.0,10907.0,10933.0,12782.0,18360.0,12403.0,14247.0,19593.0,15883.0,9954.0,13578.0,17202.0,13180.0,8005.0,13709.0,9885.0,17328.0,9931.0,10477.0,11023.0,19433.0,17810.0,19113.0,14591.0,9808.0,18480.0,19000.0,18813.0,6158.0,11821.0,15869.0,6357.0,10482.0,7086.0,14955.0,17290.0,
7112.0,6977.0,16359.0,15782.0,9127.0,15535.0,7570.0,10338.0,19194.0,15855.0,8829.0,19872.0,12368.0,9657.0,11577.0,14395.0,10549.0,13912.0,6589.0,19586.0,16258.0,8723.0,16656.0,9241.0,9487.0,12968.0,18410.0,18399.0,17068.0,18085.0,19673.0,15546.0,8738.0,14121.0,
17903.0,18618.0,7450.0,14122.0,8722.0,9999.0,14756.0,10922.0,14015.0,17707.0,17667.0,19103.0,6016.0,18257.0,14953.0,7019.0,10699.0,14379.0,8171.0,16290.0,6316.0,8379.5,10443.0,14173.0,8735.0,7722.0,17668.0,18013.0,11267.0,17567.0,18591.0,5959.0,9750.0,13436.0,6602.0,13816.0,10966.0,10137.0,
18411.0,13748.0,6574.0,19456.0,9878.0,19388.0,19190.0,6949.0,17912.0,10346.0,17331.0,11761.0,15874.0,7000.0,11382.5,15765.0,9049.5,6489.5,10645.0,11453.0,10436.0,17910.0,11766.0,13045.0,10779.0,17537.0,14075.0,18243.0,16190.0,15892.0,8156.0,7328.0,10552.0,9212.5,7873.0,6394.0,11629.0,15961.0,14937.0,13276.0,8510.0,9149.0,7953.0,6409.0,9830.0,13251.0,16630.0,8132.0,10924.0,13042.0,8309.0,17702.0,12205.0,13947.0,6404.0,15011.0,
18897.0,19214.0,9170.0,15627.0,14811.0,9372.0,12576.0,8581.0,10076.0,11244.0,12412.0,16394.0,19418.0,11561.0,14204.0,10568.0,11175.0,11782.0,9911.0,15194.0,9035.0,14814.0,13040.0,11826.0,19521.0,16508.0,12918.0,13272.0,8870.0,10088.0,
16189.0,11088.0,11120.0,16554.0,7988.0,8435.0,8351.0,19231.0,18840.0,15643.0,11308.0,12435.0,13562.0,11187.0,14592.0,17997.0,9424.0,18562.0,7771.0,19463.0,18796.0,19192.0,6556.0,18521.0,10697.0,15278.0,19859.0,12502.0,8356.0,19192.0,10434.0,7688.0,19366.0,13522.0,6457.0,6353.5,12255.0,6548.0,11515.0,7360.0,10623.0,7272.0,10832.0,11077.0,
6151.0,6272.0,15431.0,19897.0,6348.0,19565.0,18878.0,10563.0,16860.0,18174.0,13712.0,15891.0,8222.0,15027.0,15973.0,13837.0,11701.0,6082.0,10390.0,15435.0,18206.0,8376.0,13305.0,18044.0,17791.0,16006.0,6014.0,16624.0,12909.0,19979.0,8057.0,15592.0,8833.0,8872.5,8912.0,10206.0,7775.0,13366.0,18957.0,10561.5,9939.0,6768.5,8406.0,9670.0,7180.0,17283.0,17295.0,13584.0,
8593.0,6236.0,17734.0,19334.0,16474.0,11766.0,13974.0,7791.0,10293.0,9345.0,13288.0,10637.0,14564.0,9984.0,12436.0,11657.0,18496.0,16653.0,17692.0,
17598.0,10096.0,8958.0,13530.0,10228.0,13829.0,15519.0,14876.0,10351.0,12171.0,10544.0,14021.0,7148.0,6446.0,14282.0,11978.0,8258.0,9643.0,17536.0,12876.0,13100.0,7694.0,13119.0,10262.0,18227.0,10987.0,10793.0,6391.0,17888.0,8087.0,17520.0,14423.5,11327.0,13869.0,11726.5,9584.0,8338.0,10957.0,10005.0,
11515.0,10839.0,15396.0,12315.0,16417.0,9698.0,6810.0,8227.0,6163.0,9980.0,11123.0,6551.0,16777.0,8132.0,14821.0,17272.0,7274.0,18717.0,9967.0,18267.0,13746.0,7750.0,18604.0,8389.0,8794.0,15602.0,16216.0,19329.0,13357.0,12334.0,7467.0,19085.0,8023.0,
10520.0,13299.0,17659.0,13097.0,5992.0,7393.0,6169.0,12367.0,12548.0,17914.0,19066.0,9537.0,15161.0,19224.0,10965.0,14964.0,11855.5,8747.0,13547.0,17070.0,17825.0,17114.0,11896.0,13054.0,16925.0,17085.0,10211.0,14040.0,16498.0,11947.0,8950.0,12220.0,6586.0,15609.0,8166.0,16390.0,14987.0,11317.0,11505.0,17027.0,18230.0,19452.0,14810.0,9931.0,16613.0,16907.0,12463.0,8019.0,15906.0,16589.0,14879.0,15838.0,11331.0,11734.0,18956.0,16356.0,14314.0,7076.0,16272.0,17795.0,14021.0,11044.0,
7967.0,8315.0,7529.0,18235.0,11360.0,6829.0,18056.0,14761.0,16873.0,12512.0,17819.0,19484.0,10252.0,17389.0,12848.0,7904.0,7154.0,14923.0,12059.0,12897.0,6487.0,18005.0,14786.0,13911.0,11252.0,6104.0,15383.0,10010.0,19951.0,19276.0,11197.0,14213.0,6270.0,6334.0,14822.0,7266.0,6042.0,7429.0,17724.0,19695.0,15962.0,18961.0,19359.0,13196.0,
6958.0,18992.0,15079.0,10554.0,10523.0,10662.0,16097.0,9597.0,10357.0,18354.0,11783.0,6030.0,7312.0,11860.0,6662.0,18717.0,13908.0,15875.0,15898.0,14456.0,10764.0,7072.0,14688.0,19911.0,8444.0,7671.0,14747.0,16490.5,18234.0,11604.0,19272.0,15321.0,14578.0,16583.0,10217.0,8030.0,6388.0,
14781.0,18778.0,12392.0,15783.0,9068.0,15854.0,6032.0,7911.0,8432.0,8953.0,6526.0,11370.0,7412.0,10141.5,12871.0,8155.0,6576.0,18300.0,7632.0,10441.0,12540.0,6315.0,18775.0,16406.0,14037.0,14897.5,15758.0,9678.0,7186.0,13459.0,
19691.0,7132.0,7631.0,17656.0,13255.0,17977.0,15039.0,12680.0,18303.0,13117.5,7932.0,7603.0,14551.0,15190.0,19338.0,6445.0,7555.0,17928.0,11001.0,19243.0,18928.0,8046.0,15766.0,13538.0,16176.0,18992.0,7575.0,18566.0,7720.0,
8629.0,19591.0,16369.0,11573.0,13291.0,7871.0,15042.0,16824.0,16404.0,16472.0,6091.0,9070.0,7264.0,6432.0,6178.0,12185.5,18447.0,18978.0,12777.0,15311.0,12722.0,19991.0,19944.0,18167.0,5986.0,17261.0,9625.0,8486.0,8472.0,14542.0,14592.0,16701.0,16212.0,12499.5,8787.0,6250.0,13334.0,9173.0,13697.0,15282.0,17460.0,9164.0,8548.0,10297.0,7299.0,19059.0,12973.0,7075.0,17723.0,10063.0,19440.0,19559.0,9873.0,
18686.0,14592.0,10569.0,16167.0,10446.0,10117.0,19313.0,18277.0,12071.0,9731.0,6748.0,9285.0,15672.0,15649.0,8210.0,8857.0,10453.0,15660.0,12808.0,9956.0,11673.0,18290.0,9574.0,14130.0,7854.5,8080.0,14581.0,7858.0,12920.0,10999.0,12301.0,19026.0,13248.0,7470.0,14103.0,13917.0,
